18903
61003
62326
1338
10339
1667
5282
42392
19354
12057
12598
59987
9910
38913
14958
34421
48994
52285
31479
8983
55356
28675
52530
63818
47861
26464
36921
47364
17614
49021
31739
48428
63995
33179
63144
54362
10428
56903
53762
38249
6180
34181
52475
11477
653
11734
89
20111
9607
11410
37780
58693
35278
1525
1218
48859
43810
14118
45671
50094
51837
26638
41925
52724
15052
11049
11013
28169
14838
30159
34688
27163
4858
53482
13499
37333
7022
45134
55253
13094
13358
29351
30754
41741
29539
54498
52188
36338
33516
30477
16037
11564
39568
50528
1994
50476
13960
52091
12737
34653
14926
18809
5554
54928
57907
46826
13585
6920
7522
40795
60109
36352
56083
6829
32109
21050
51638
49620
13873
39446
39764
55947
18085
45501
18544
673
10531
22553
1896
8651
28833
39116
56165
6051
33900
12144
10248
32573
56312
40633
40936
540
63835
30444
141
24161
38199
36089
18518
18242
22624
2215
42681
14374
48505
33368
9989
51641
39528
56124
42525
61938
42503
57958
48734
13248
36199
12682
1679
17891
50190
21067
60233
18994
53172
13410
642
47992
63682
10899
34877
45215
53543
5055
38678
44068
10593
29613
6290
40725
50211
8044
40260
2914
18937
47392
42226
51815
50159
41274
2165
11861
52454
48569
29434
18447
63760
42278
15463
39707
57437
24885
43885
34541
12170
17941
10552
64576
657
54820
21393
36479
9782
34818
486
45330
15408
40208
14223
38505
55690
17099
61109
6074
49224
38939
34029
45129
12181
8939
4664
39501
51179
61616
56709
44620
46590
20445
38137
48214
16125
30436
40072
43247
38469
55795
12528
57972
16155
39088
57455
34525
32677
43987
58197
21012
25733
3366
44531
45549
2369
24048
113
62313
49260
54842
10593
46227
64143
62635
57977
46107
35617
18897
29925
54106
64290
17396
53677
1379
49136
26915
15284
54841
26169
28061
37154
54390
31673
60333
21266
7630
25043
45482
12553
34954
20109
2352
9135
53465
58386
37462
25694
1486
45006
15502
48860
26247
1332
8094
40255
28952
27570
61301
40064
4703
55164
6276
41060
29748
12316
15654
65501
40666
438
29279
5483
3843
22059
49372
60044
5134
33861
49368
55043
38374
42227
45699
22074
8160
25573
60301
27418
23070
4411
27353
10001
38319
28805
39003
6301
40216
27973
50731
59860
33644
491
46026
34164
56272
37600
49970
64029
19082
20226
35635
42174
13256
53604
10716
7749
58180
63495
65158
638
40766
20554
64501
65498
61725
30456
27081
10049
2703
42617
61432
10425
38812
27891
2239
58215
53510
7566
15506
22058
3743
11876
49488
53008
889
63401
35210
1170
52697
33603
29590
12528
63349
38278
61720
3996
51008
19378
10418
52080
480
35316
39668
9195
37010
40119
48077
50409
60487
32488
41104
34996
35886
62449
58082
64743
43084
20419
38982
30945
6621
21631
53042
42423
230
58254
23430
56451
39011
31342
63377
59057
36185
8497
23087
46273
35032
54645
220
41214
63026
52986
5038
62871
30002
42696
9032
11729
45210
19964
7319
55800
21372
29003
56671
4690
45258
59650
28084
63549
65434
58998
16353
12971
14471
56887
38881
32229
3501
40361
40915
769
53977
25017
56869
794
42843
11974
1647
37436
49774
38570
9676
22393
24219
48201
18639
4083
42086
58250
8844
33556
57554
37959
19324
39903
52579
5601
8948
63403
15701
21239
38969
49819
62253
32901
26530
38801
665
56498
5814
2219
2364
40701
65028
51392
52657
39063
27397
18941
54007
53218
44463
17418
2020
36925
14075
33123
37510
26408
42366
45420
30316
31763
15828
49348
26485
45240
15369
27635
61616
20329
13259
49141
25742
31434
17712
63677
2453
35389
54647
28023
8360
26341
13496
54772
47270
29246
48412
22938
35419
36717
33864
18403
6200
22445
20050
43445
4799
1839
39227
45943
7629
13828
64147
32378
55228
22356
46353
59081
51793
21391
5038
23950
21126
26518
20859
27023
45053
65124
23331
15345
13136
11205
42830
36994
54268
10333
32739
15337
32592
2262
1491
38954
57876
28422
50697
3680
47768
8977
3646
31880
24819
3999
9836
11526
58220
44585
56650
40094
5616
25252
20024
53143
18697
59201
43841
31185
3912
48521
2272
37904
54295
38958
28905
3210
56370
1156
51485
20173
11045
57983
44580
14522
21091
51618
14282
23742
14841
38927
34103
58885
57531
37243
59855
7990
1683
38454
64523
8387
55116
47439
41068
65041
27424
28632
23255
29221
15604
34127
49565
27168
16453
12769
19975
20253
49967
4445
2141
57120
49027
13566
42834
5854
10461
14746
50950
53680
27028
48781
22604
39700
58666
4980
30741
51965
35077
43553
34551
38188
17364
15133
50192
45355
32110
29716
27400
48451
13409
3212
38229
24740
22532
50428
63728
28825
60973
55944
19720
18390
63101
3336
15844
63138
13130
22857
44663
44044
46433
54669
46697
32017
27786
48565
41118
39788
1882
11859
55075
54378
4432
34129
30625
21826
47892
875
30186
53264
52718
30294
4719
7972
32189
14221
49004
60870
41895
10903
47837
4762
13376
5723
60368
37407
52644
25369
24813
27724
6585
4354
62257
47197
36467
30102
31763
19187
11729
48909
6370
28071
10716
24641
38824
39291
25076
52337
17087
53423
14118
29575
20965
5401
8340
54550
47129
38935
10260
3247
24326
64850
15847
11641
4590
21317
22832
36736
62587
295
7643
16150
56447
45666
16449
43106
55889
27096
57123
28353
43129
9146
21989
58258
17184
22803
42915
31259
4155
64968
10176
53610
30006
11618
49815
55501
33783
16011
39090
17107
16850
50494
7485
62768
34231
41471
46342
42066
16797
26132
53982
65420
23673
29391
43151
8546
53171
33312
58748
46628
11255
422
21785
1271
50928
29941
62603
48026
52429
8365
49081
48988
5974
37893
48999
64646
46857
23059
3016
5337
25528
40343
34176
13360
53091
55738
684
15299
63997
42465
57962
55249
60831
11116
14250
7138
41647
8018
38979
36560
32985
26
44905
29791
63150
32817
55065
58833
52423
9760
37604
26776
9254
21782
62555
6559
55588
49540
56820
55179
20022
17657
12643
44597
21201
39596
10667
60616
64730
43211
9391
1399
19562
2828
43811
36095
25866
56787
38235
20575
592
43187
16272
39853
43814
26445
7402
1196
33905
21197
59043
39555
42000
18698
44922
30813
28225
43633
23696
52857
928
49653
16099
25471
41916
21599
40272
59813
22857
45784
2411
53278
24665
39291
64230
13412
46612
